    3433695
    1652363
    1229026
     953551
     644865
     626973
     599055
     579988
     575794
     551219
     535447
     513010
     511079
     493692
     490571
     396486
     383660
     319037
     310411
     310234
     294244
     293714
     292234
     278807
     275061
     260301
     259438
     259436
     258833
     256877
     248088
     245567
     244020
     241961
     223840
     214758
     214449
     208989
     194268
     191694
     191029
     179639
     179486
     178132
     177681
     165401
     163168
     162173
     160919
     147019
     143131
     139794
     138920
     136796
     130446
     129037
     128510
     127777
     127447
     125891
     125060
     123155
     121831
     121691
     120680
     118936
     115843
     114992
     114636
     114355
     112944
     110529
     109174
     108733
     105518
     105489
     105403
     105291
     104595
     104037
     103687
     103362
     102440