      38045
      36350
      35350
      33696
      32850
      31909
      31850
      31114
      29342
      28516
      28200
      27959
      27025
      26775
      26182
      25748
      25500
      25400
      24900
      24832
      24800
      24750
      24742
      24450
      23725
      23713
      23712
      23300
      22906
      22450
      21600
      20999
      20850
      20690
      20525
      20300
      19175
      18304
      18075
      18000
      17600
      17250
      17095
      16700
      16686
      16500
      16244
      16150
      16094
      15350
      15000
