alpha[1]	1	2000
alpha[2]	2001	4000
c	4001	6000
pcpred[1,1]	6001	8000
pcpred[1,2]	8001	10000
pcpred[1,3]	10001	12000
pcpred[1,4]	12001	14000
pcpred[1,5]	14001	16000
pcpred[1,6]	16001	18000
pcpred[1,7]	18001	20000
pcpred[1,8]	20001	22000
pcpred[1,9]	22001	24000
pcpred[2,1]	24001	26000
pcpred[2,2]	26001	28000
pcpred[2,3]	28001	30000
pcpred[2,4]	30001	32000
pcpred[2,5]	32001	34000
pcpred[2,6]	34001	36000
pcpred[2,7]	36001	38000
pcpred[2,8]	38001	40000
pcpred[2,9]	40001	42000
pcpred[3,1]	42001	44000
pcpred[3,2]	44001	46000
pcpred[3,3]	46001	48000
pcpred[3,4]	48001	50000
pcpred[3,5]	50001	52000
pcpred[3,6]	52001	54000
pcpred[3,7]	54001	56000
pcpred[3,8]	56001	58000
pcpred[3,9]	58001	60000
pcpred[4,1]	60001	62000
pcpred[4,2]	62001	64000
pcpred[4,3]	64001	66000
pcpred[4,4]	66001	68000
pcpred[4,5]	68001	70000
pcpred[4,6]	70001	72000
pcpred[4,7]	72001	74000
pcpred[4,8]	74001	76000
pcpred[4,9]	76001	78000
pcpred[5,1]	78001	80000
pcpred[5,2]	80001	82000
pcpred[5,3]	82001	84000
pcpred[5,4]	84001	86000
pcpred[5,5]	86001	88000
pcpred[5,6]	88001	90000
pcpred[5,7]	90001	92000
pcpred[5,8]	92001	94000
pcpred[5,9]	94001	96000
pcpred[6,1]	96001	98000
pcpred[6,2]	98001	100000
pcpred[6,3]	100001	102000
pcpred[6,4]	102001	104000
pcpred[6,5]	104001	106000
pcpred[6,6]	106001	108000
pcpred[6,7]	108001	110000
pcpred[6,8]	110001	112000
pcpred[6,9]	112001	114000
pcpred[7,1]	114001	116000
pcpred[7,2]	116001	118000
pcpred[7,3]	118001	120000
pcpred[7,4]	120001	122000
pcpred[7,5]	122001	124000
pcpred[7,6]	124001	126000
pcpred[7,7]	126001	128000
pcpred[7,8]	128001	130000
pcpred[7,9]	130001	132000
pcpred[8,1]	132001	134000
pcpred[8,2]	134001	136000
pcpred[8,3]	136001	138000
pcpred[8,4]	138001	140000
pcpred[8,5]	140001	142000
pcpred[8,6]	142001	144000
pcpred[8,7]	144001	146000
pcpred[8,8]	146001	148000
pcpred[8,9]	148001	150000
pcpred[9,1]	150001	152000
pcpred[9,2]	152001	154000
pcpred[9,3]	154001	156000
pcpred[9,4]	156001	158000
pcpred[9,5]	158001	160000
pcpred[9,6]	160001	162000
pcpred[9,7]	162001	164000
pcpred[9,8]	164001	166000
pcpred[9,9]	166001	168000
pcpred[10,1]	168001	170000
pcpred[10,2]	170001	172000
pcpred[10,3]	172001	174000
pcpred[10,4]	174001	176000
pcpred[10,5]	176001	178000
pcpred[10,6]	178001	180000
pcpred[10,7]	180001	182000
pcpred[10,8]	182001	184000
pcpred[10,9]	184001	186000
pcpred[11,2]	186001	188000
pcpred[11,3]	188001	190000
pcpred[11,4]	190001	192000
pcpred[11,5]	192001	194000
pcpred[11,6]	194001	196000
pcpred[11,8]	196001	198000
pcpred[11,9]	198001	200000
pcpred[12,2]	200001	202000
pcpred[12,3]	202001	204000
pcpred[12,4]	204001	206000
pcpred[12,5]	206001	208000
pcpred[12,6]	208001	210000
pcpred[12,8]	210001	212000
pcpred[12,9]	212001	214000
pcpred[13,2]	214001	216000
pcpred[13,3]	216001	218000
pcpred[13,4]	218001	220000
pcpred[13,5]	220001	222000
pcpred[13,6]	222001	224000
pcpred[13,8]	224001	226000
pcpred[13,9]	226001	228000
pcpred[14,2]	228001	230000
pcpred[14,3]	230001	232000
pcpred[14,4]	232001	234000
pcpred[14,5]	234001	236000
pcpred[14,6]	236001	238000
pcpred[14,8]	238001	240000
pcpred[14,9]	240001	242000
pcpred[15,2]	242001	244000
pcpred[15,3]	244001	246000
pcpred[15,4]	246001	248000
pcpred[15,5]	248001	250000
pcpred[15,6]	250001	252000
pcpred[15,8]	252001	254000
pcpred[15,9]	254001	256000
pcpred[16,3]	256001	258000
pcpred[16,4]	258001	260000
pcpred[16,5]	260001	262000
pcpred[16,6]	262001	264000
pcpred[16,8]	264001	266000
pcpred[16,9]	266001	268000
pcpred[17,3]	268001	270000
pcpred[17,4]	270001	272000
pcpred[17,5]	272001	274000
pcpred[17,6]	274001	276000
pcpred[17,8]	276001	278000
pcpred[17,9]	278001	280000
pcpred[18,3]	280001	282000
pcpred[18,4]	282001	284000
pcpred[18,5]	284001	286000
pcpred[18,6]	286001	288000
pcpred[18,8]	288001	290000
pcpred[18,9]	290001	292000
pcpred[19,3]	292001	294000
pcpred[19,4]	294001	296000
pcpred[19,5]	296001	298000
pcpred[19,6]	298001	300000
pcpred[19,8]	300001	302000
pcpred[19,9]	302001	304000
pcpred[20,3]	304001	306000
pcpred[20,4]	306001	308000
pcpred[20,5]	308001	310000
pcpred[20,6]	310001	312000
pcpred[20,8]	312001	314000
pcpred[20,9]	314001	316000
pcpred[21,5]	316001	318000
pcpred[21,6]	318001	320000
pcpred[21,8]	320001	322000
pcpred[21,9]	322001	324000
pcpred[22,5]	324001	326000
pcpred[22,6]	326001	328000
pcpred[22,8]	328001	330000
pcpred[22,9]	330001	332000
pcpred[23,5]	332001	334000
pcpred[23,6]	334001	336000
pcpred[23,8]	336001	338000
pcpred[23,9]	338001	340000
pcpred[24,5]	340001	342000
pcpred[24,6]	342001	344000
pcpred[24,8]	344001	346000
pcpred[24,9]	346001	348000
pcpred[25,5]	348001	350000
pcpred[25,6]	350001	352000
pcpred[25,8]	352001	354000
pcpred[25,9]	354001	356000
pcpred[26,5]	356001	358000
pcpred[26,6]	358001	360000
pcpred[26,9]	360001	362000
pcpred[27,5]	362001	364000
pcpred[27,6]	364001	366000
pcpred[27,9]	366001	368000
pcpred[28,5]	368001	370000
pcpred[28,6]	370001	372000
pcpred[28,9]	372001	374000
pcpred[29,5]	374001	376000
pcpred[29,6]	376001	378000
pcpred[29,9]	378001	380000
pcpred[30,5]	380001	382000
pcpred[30,6]	382001	384000
pcpred[30,9]	384001	386000
pcpred[31,6]	386001	388000
pcpred[31,9]	388001	390000
pcpred[32,6]	390001	392000
pcpred[32,9]	392001	394000
pcpred[33,6]	394001	396000
pcpred[33,9]	396001	398000
pcpred[34,6]	398001	400000
pcpred[34,9]	400001	402000
pcpred[35,6]	402001	404000
pcpred[35,9]	404001	406000
pcpred[36,6]	406001	408000
pcpred[36,9]	408001	410000
pcpred[37,6]	410001	412000
pcpred[37,9]	412001	414000
pcpred[38,6]	414001	416000
pcpred[38,9]	416001	418000
pcpred[39,6]	418001	420000
pcpred[39,9]	420001	422000
pcpred[40,6]	422001	424000
pcpred[40,9]	424001	426000
pcpred[41,9]	426001	428000
pcpred[42,9]	428001	430000
pcpred[43,9]	430001	432000
pcpred[44,9]	432001	434000
pcpred[45,9]	434001	436000
pcpred[46,9]	436001	438000
pcpred[47,9]	438001	440000
pcpred[48,9]	440001	442000
pcpred[49,9]	442001	444000
pcpred[50,9]	444001	446000
s	446001	448000
t[1]	448001	450000
t[2]	450001	452000
t[3]	452001	454000
t[4]	454001	456000
t[5]	456001	458000
t[6]	458001	460000
