38.567
35.167
40.567
47.933
41.733
34.733
38.633
39.133
40.3
42.867
36.6
39.167
43.567
42.3
37.233
35.433
41.167
36.133
41.367
44.667
40.967
42.233
41.833
43.767
43.5
41.633
45.567
44.867
40.7
44.067
46.1
44
49.367
46.2
43.9
40.7
47.967
48.033
34.967
50.967
47.1
46.5
44.133
47.667
44.133
48.967
37.733
42.1
43
46.9
40.2
41.367
43.833
38.8
44.767
47.2
45.3
38.3
41.433
46.733
39.6
41.9
39.633
43.5
55.8
43.467
49.233
35.133
51.867
49.133
49.267
40.667
43.667
46.2
46.3
35.633
41.133
43.467
37.767
39.933
40.8
43.867
