pp[1,1]	1	2000
pp[1,2]	2001	4000
pp[1,3]	4001	6000
pp[1,4]	6001	8000
pp[1,5]	8001	10000
pp[1,6]	10001	12000
pp[1,7]	12001	14000
pp[1,8]	14001	16000
pp[1,9]	16001	18000
pp[1,10]	18001	20000
pp[1,11]	20001	22000
pp[1,12]	22001	24000
pp[1,13]	24001	26000
pp[1,14]	26001	28000
pp[1,15]	28001	30000
pp[2,1]	30001	32000
pp[2,2]	32001	34000
pp[2,3]	34001	36000
pp[2,4]	36001	38000
pp[2,5]	38001	40000
pp[2,6]	40001	42000
pp[2,7]	42001	44000
pp[2,8]	44001	46000
pp[2,9]	46001	48000
pp[2,10]	48001	50000
pp[2,11]	50001	52000
pp[2,12]	52001	54000
pp[2,13]	54001	56000
pp[2,14]	56001	58000
pp[2,15]	58001	60000
pp[3,1]	60001	62000
pp[3,2]	62001	64000
pp[3,3]	64001	66000
pp[3,4]	66001	68000
pp[3,5]	68001	70000
pp[3,6]	70001	72000
pp[3,7]	72001	74000
pp[3,8]	74001	76000
pp[3,9]	76001	78000
pp[3,10]	78001	80000
pp[3,11]	80001	82000
pp[3,12]	82001	84000
pp[3,13]	84001	86000
pp[3,14]	86001	88000
pp[3,15]	88001	90000
pp[4,1]	90001	92000
pp[4,2]	92001	94000
pp[4,3]	94001	96000
pp[4,4]	96001	98000
pp[4,5]	98001	100000
pp[4,6]	100001	102000
pp[4,7]	102001	104000
pp[4,8]	104001	106000
pp[4,9]	106001	108000
pp[4,10]	108001	110000
pp[4,11]	110001	112000
pp[4,12]	112001	114000
pp[4,13]	114001	116000
pp[4,14]	116001	118000
pp[4,15]	118001	120000
pp[5,1]	120001	122000
pp[5,2]	122001	124000
pp[5,3]	124001	126000
pp[5,4]	126001	128000
pp[5,5]	128001	130000
pp[5,6]	130001	132000
pp[5,7]	132001	134000
pp[5,8]	134001	136000
pp[5,9]	136001	138000
pp[5,10]	138001	140000
pp[5,11]	140001	142000
pp[5,12]	142001	144000
pp[5,13]	144001	146000
pp[5,14]	146001	148000
pp[5,15]	148001	150000
pp[6,1]	150001	152000
pp[6,2]	152001	154000
pp[6,3]	154001	156000
pp[6,4]	156001	158000
pp[6,5]	158001	160000
pp[6,6]	160001	162000
pp[6,7]	162001	164000
pp[6,8]	164001	166000
pp[6,9]	166001	168000
pp[6,10]	168001	170000
pp[6,11]	170001	172000
pp[6,12]	172001	174000
pp[6,13]	174001	176000
pp[6,14]	176001	178000
pp[6,15]	178001	180000
pp[7,1]	180001	182000
pp[7,2]	182001	184000
pp[7,3]	184001	186000
pp[7,4]	186001	188000
pp[7,5]	188001	190000
pp[7,6]	190001	192000
pp[7,7]	192001	194000
pp[7,8]	194001	196000
pp[7,9]	196001	198000
pp[7,10]	198001	200000
pp[7,11]	200001	202000
pp[7,12]	202001	204000
pp[7,13]	204001	206000
pp[7,14]	206001	208000
pp[7,15]	208001	210000
pp[8,1]	210001	212000
pp[8,2]	212001	214000
pp[8,3]	214001	216000
pp[8,4]	216001	218000
pp[8,5]	218001	220000
pp[8,6]	220001	222000
pp[8,7]	222001	224000
pp[8,8]	224001	226000
pp[8,9]	226001	228000
pp[8,10]	228001	230000
pp[8,11]	230001	232000
pp[8,12]	232001	234000
pp[8,13]	234001	236000
pp[8,14]	236001	238000
pp[8,15]	238001	240000
pp[9,1]	240001	242000
pp[9,2]	242001	244000
pp[9,3]	244001	246000
pp[9,4]	246001	248000
pp[9,5]	248001	250000
pp[9,6]	250001	252000
pp[9,7]	252001	254000
pp[9,8]	254001	256000
pp[9,9]	256001	258000
pp[9,10]	258001	260000
pp[9,11]	260001	262000
pp[9,12]	262001	264000
pp[9,13]	264001	266000
pp[9,14]	266001	268000
pp[9,15]	268001	270000
pp[10,1]	270001	272000
pp[10,2]	272001	274000
pp[10,3]	274001	276000
pp[10,4]	276001	278000
pp[10,5]	278001	280000
pp[10,6]	280001	282000
pp[10,7]	282001	284000
pp[10,8]	284001	286000
pp[10,9]	286001	288000
pp[10,10]	288001	290000
pp[10,11]	290001	292000
pp[10,12]	292001	294000
pp[10,13]	294001	296000
pp[10,14]	296001	298000
pp[10,15]	298001	300000
pp[11,1]	300001	302000
pp[11,2]	302001	304000
pp[11,3]	304001	306000
pp[11,4]	306001	308000
pp[11,5]	308001	310000
pp[11,6]	310001	312000
pp[11,7]	312001	314000
pp[11,8]	314001	316000
pp[11,9]	316001	318000
pp[11,10]	318001	320000
pp[11,11]	320001	322000
pp[11,12]	322001	324000
pp[11,13]	324001	326000
pp[11,14]	326001	328000
pp[11,15]	328001	330000
pp[12,1]	330001	332000
pp[12,2]	332001	334000
pp[12,3]	334001	336000
pp[12,4]	336001	338000
pp[12,5]	338001	340000
pp[12,6]	340001	342000
pp[12,7]	342001	344000
pp[12,8]	344001	346000
pp[12,9]	346001	348000
pp[12,10]	348001	350000
pp[12,11]	350001	352000
pp[12,12]	352001	354000
pp[12,13]	354001	356000
pp[12,14]	356001	358000
pp[12,15]	358001	360000
pp[13,1]	360001	362000
pp[13,2]	362001	364000
pp[13,3]	364001	366000
pp[13,4]	366001	368000
pp[13,5]	368001	370000
pp[13,6]	370001	372000
pp[13,7]	372001	374000
pp[13,8]	374001	376000
pp[13,9]	376001	378000
pp[13,10]	378001	380000
pp[13,11]	380001	382000
pp[13,12]	382001	384000
pp[13,13]	384001	386000
pp[13,14]	386001	388000
pp[13,15]	388001	390000
pp[14,1]	390001	392000
pp[14,2]	392001	394000
pp[14,3]	394001	396000
pp[14,4]	396001	398000
pp[14,5]	398001	400000
pp[14,6]	400001	402000
pp[14,7]	402001	404000
pp[14,8]	404001	406000
pp[14,9]	406001	408000
pp[14,10]	408001	410000
pp[14,11]	410001	412000
pp[14,12]	412001	414000
pp[14,13]	414001	416000
pp[14,14]	416001	418000
pp[14,15]	418001	420000
pp[15,1]	420001	422000
pp[15,2]	422001	424000
pp[15,3]	424001	426000
pp[15,4]	426001	428000
pp[15,5]	428001	430000
pp[15,6]	430001	432000
pp[15,7]	432001	434000
pp[15,8]	434001	436000
pp[15,9]	436001	438000
pp[15,10]	438001	440000
pp[15,11]	440001	442000
pp[15,12]	442001	444000
pp[15,13]	444001	446000
pp[15,14]	446001	448000
pp[15,15]	448001	450000
pp[16,1]	450001	452000
pp[16,2]	452001	454000
pp[16,3]	454001	456000
pp[16,4]	456001	458000
pp[16,5]	458001	460000
pp[16,6]	460001	462000
pp[16,7]	462001	464000
pp[16,8]	464001	466000
pp[16,9]	466001	468000
pp[16,10]	468001	470000
pp[16,11]	470001	472000
pp[16,12]	472001	474000
pp[16,13]	474001	476000
pp[16,14]	476001	478000
pp[16,15]	478001	480000
pp[17,1]	480001	482000
pp[17,2]	482001	484000
pp[17,3]	484001	486000
pp[17,4]	486001	488000
pp[17,5]	488001	490000
pp[17,6]	490001	492000
pp[17,7]	492001	494000
pp[17,8]	494001	496000
pp[17,9]	496001	498000
pp[17,10]	498001	500000
pp[17,11]	500001	502000
pp[17,12]	502001	504000
pp[17,13]	504001	506000
pp[17,14]	506001	508000
pp[17,15]	508001	510000
pp[18,1]	510001	512000
pp[18,2]	512001	514000
pp[18,3]	514001	516000
pp[18,4]	516001	518000
pp[18,5]	518001	520000
pp[18,6]	520001	522000
pp[18,7]	522001	524000
pp[18,8]	524001	526000
pp[18,9]	526001	528000
pp[18,10]	528001	530000
pp[18,11]	530001	532000
pp[18,12]	532001	534000
pp[18,13]	534001	536000
pp[18,14]	536001	538000
pp[18,15]	538001	540000
pp[19,1]	540001	542000
pp[19,2]	542001	544000
pp[19,3]	544001	546000
pp[19,4]	546001	548000
pp[19,5]	548001	550000
pp[19,6]	550001	552000
pp[19,7]	552001	554000
pp[19,8]	554001	556000
pp[19,9]	556001	558000
pp[19,10]	558001	560000
pp[19,11]	560001	562000
pp[19,12]	562001	564000
pp[19,13]	564001	566000
pp[19,14]	566001	568000
pp[19,15]	568001	570000
pp[20,1]	570001	572000
pp[20,2]	572001	574000
pp[20,3]	574001	576000
pp[20,4]	576001	578000
pp[20,5]	578001	580000
pp[20,6]	580001	582000
pp[20,7]	582001	584000
pp[20,8]	584001	586000
pp[20,9]	586001	588000
pp[20,10]	588001	590000
pp[20,11]	590001	592000
pp[20,12]	592001	594000
pp[20,13]	594001	596000
pp[20,14]	596001	598000
pp[20,15]	598001	600000
pp[21,1]	600001	602000
pp[21,2]	602001	604000
pp[21,3]	604001	606000
pp[21,4]	606001	608000
pp[21,5]	608001	610000
pp[21,6]	610001	612000
pp[21,7]	612001	614000
pp[21,8]	614001	616000
pp[21,9]	616001	618000
pp[21,10]	618001	620000
pp[21,11]	620001	622000
pp[21,12]	622001	624000
pp[21,13]	624001	626000
pp[21,14]	626001	628000
pp[21,15]	628001	630000
pp[22,1]	630001	632000
pp[22,2]	632001	634000
pp[22,3]	634001	636000
pp[22,4]	636001	638000
pp[22,5]	638001	640000
pp[22,6]	640001	642000
pp[22,7]	642001	644000
pp[22,8]	644001	646000
pp[22,9]	646001	648000
pp[22,10]	648001	650000
pp[22,11]	650001	652000
pp[22,12]	652001	654000
pp[22,13]	654001	656000
pp[22,14]	656001	658000
pp[22,15]	658001	660000
pp[23,1]	660001	662000
pp[23,2]	662001	664000
pp[23,3]	664001	666000
pp[23,4]	666001	668000
pp[23,5]	668001	670000
pp[23,6]	670001	672000
pp[23,7]	672001	674000
pp[23,8]	674001	676000
pp[23,9]	676001	678000
pp[23,10]	678001	680000
pp[23,11]	680001	682000
pp[23,12]	682001	684000
pp[23,13]	684001	686000
pp[23,14]	686001	688000
pp[23,15]	688001	690000
pp[24,1]	690001	692000
pp[24,2]	692001	694000
pp[24,3]	694001	696000
pp[24,4]	696001	698000
pp[24,5]	698001	700000
pp[24,6]	700001	702000
pp[24,7]	702001	704000
pp[24,8]	704001	706000
pp[24,9]	706001	708000
pp[24,10]	708001	710000
pp[24,11]	710001	712000
pp[24,12]	712001	714000
pp[24,13]	714001	716000
pp[24,14]	716001	718000
pp[24,15]	718001	720000
pp[25,1]	720001	722000
pp[25,2]	722001	724000
pp[25,3]	724001	726000
pp[25,4]	726001	728000
pp[25,5]	728001	730000
pp[25,6]	730001	732000
pp[25,7]	732001	734000
pp[25,8]	734001	736000
pp[25,9]	736001	738000
pp[25,10]	738001	740000
pp[25,11]	740001	742000
pp[25,12]	742001	744000
pp[25,13]	744001	746000
pp[25,14]	746001	748000
pp[25,15]	748001	750000
pp[26,1]	750001	752000
pp[26,2]	752001	754000
pp[26,3]	754001	756000
pp[26,4]	756001	758000
pp[26,5]	758001	760000
pp[26,6]	760001	762000
pp[26,7]	762001	764000
pp[26,8]	764001	766000
pp[26,9]	766001	768000
pp[26,10]	768001	770000
pp[26,11]	770001	772000
pp[26,12]	772001	774000
pp[26,13]	774001	776000
pp[26,14]	776001	778000
pp[26,15]	778001	780000
pp[27,1]	780001	782000
pp[27,2]	782001	784000
pp[27,3]	784001	786000
pp[27,4]	786001	788000
pp[27,5]	788001	790000
pp[27,6]	790001	792000
pp[27,7]	792001	794000
pp[27,8]	794001	796000
pp[27,9]	796001	798000
pp[27,10]	798001	800000
pp[27,11]	800001	802000
pp[27,12]	802001	804000
pp[27,13]	804001	806000
pp[27,14]	806001	808000
pp[27,15]	808001	810000
pp[28,1]	810001	812000
pp[28,2]	812001	814000
pp[28,3]	814001	816000
pp[28,4]	816001	818000
pp[28,5]	818001	820000
pp[28,6]	820001	822000
pp[28,7]	822001	824000
pp[28,8]	824001	826000
pp[28,9]	826001	828000
pp[28,10]	828001	830000
pp[28,11]	830001	832000
pp[28,12]	832001	834000
pp[28,13]	834001	836000
pp[28,14]	836001	838000
pp[28,15]	838001	840000
pp[29,1]	840001	842000
pp[29,2]	842001	844000
pp[29,3]	844001	846000
pp[29,4]	846001	848000
pp[29,5]	848001	850000
pp[29,6]	850001	852000
pp[29,7]	852001	854000
pp[29,8]	854001	856000
pp[29,9]	856001	858000
pp[29,10]	858001	860000
pp[29,11]	860001	862000
pp[29,12]	862001	864000
pp[29,13]	864001	866000
pp[29,14]	866001	868000
pp[29,15]	868001	870000
pp[30,1]	870001	872000
pp[30,2]	872001	874000
pp[30,3]	874001	876000
pp[30,4]	876001	878000
pp[30,5]	878001	880000
pp[30,6]	880001	882000
pp[30,7]	882001	884000
pp[30,8]	884001	886000
pp[30,9]	886001	888000
pp[30,10]	888001	890000
pp[30,11]	890001	892000
pp[30,12]	892001	894000
pp[30,13]	894001	896000
pp[30,14]	896001	898000
pp[30,15]	898001	900000
pp[31,1]	900001	902000
pp[31,2]	902001	904000
pp[31,3]	904001	906000
pp[31,4]	906001	908000
pp[31,5]	908001	910000
pp[31,6]	910001	912000
pp[31,7]	912001	914000
pp[31,8]	914001	916000
pp[31,9]	916001	918000
pp[31,10]	918001	920000
pp[31,11]	920001	922000
pp[31,12]	922001	924000
pp[31,13]	924001	926000
pp[31,14]	926001	928000
pp[31,15]	928001	930000
pp[32,1]	930001	932000
pp[32,2]	932001	934000
pp[32,3]	934001	936000
pp[32,4]	936001	938000
pp[32,5]	938001	940000
pp[32,6]	940001	942000
pp[32,7]	942001	944000
pp[32,8]	944001	946000
pp[32,9]	946001	948000
pp[32,10]	948001	950000
pp[32,11]	950001	952000
pp[32,12]	952001	954000
pp[32,13]	954001	956000
pp[32,14]	956001	958000
pp[32,15]	958001	960000
pp[33,1]	960001	962000
pp[33,2]	962001	964000
pp[33,3]	964001	966000
pp[33,4]	966001	968000
pp[33,5]	968001	970000
pp[33,6]	970001	972000
pp[33,7]	972001	974000
pp[33,8]	974001	976000
pp[33,9]	976001	978000
pp[33,10]	978001	980000
pp[33,11]	980001	982000
pp[33,12]	982001	984000
pp[33,13]	984001	986000
pp[33,14]	986001	988000
pp[33,15]	988001	990000
pp[34,1]	990001	992000
pp[34,2]	992001	994000
pp[34,3]	994001	996000
pp[34,4]	996001	998000
pp[34,5]	998001	1000000
pp[34,6]	1000001	1002000
pp[34,7]	1002001	1004000
pp[34,8]	1004001	1006000
pp[34,9]	1006001	1008000
pp[34,10]	1008001	1010000
pp[34,11]	1010001	1012000
pp[34,12]	1012001	1014000
pp[34,13]	1014001	1016000
pp[34,14]	1016001	1018000
pp[34,15]	1018001	1020000
pp[35,1]	1020001	1022000
pp[35,2]	1022001	1024000
pp[35,3]	1024001	1026000
pp[35,4]	1026001	1028000
pp[35,5]	1028001	1030000
pp[35,6]	1030001	1032000
pp[35,7]	1032001	1034000
pp[35,8]	1034001	1036000
pp[35,9]	1036001	1038000
pp[35,10]	1038001	1040000
pp[35,11]	1040001	1042000
pp[35,12]	1042001	1044000
pp[35,13]	1044001	1046000
pp[35,14]	1046001	1048000
pp[35,15]	1048001	1050000
pp[36,1]	1050001	1052000
pp[36,2]	1052001	1054000
pp[36,3]	1054001	1056000
pp[36,4]	1056001	1058000
pp[36,5]	1058001	1060000
pp[36,6]	1060001	1062000
pp[36,7]	1062001	1064000
pp[36,8]	1064001	1066000
pp[36,9]	1066001	1068000
pp[36,10]	1068001	1070000
pp[36,11]	1070001	1072000
pp[36,12]	1072001	1074000
pp[36,13]	1074001	1076000
pp[36,14]	1076001	1078000
pp[36,15]	1078001	1080000
pp[37,1]	1080001	1082000
pp[37,2]	1082001	1084000
pp[37,3]	1084001	1086000
pp[37,4]	1086001	1088000
pp[37,5]	1088001	1090000
pp[37,6]	1090001	1092000
pp[37,7]	1092001	1094000
pp[37,8]	1094001	1096000
pp[37,9]	1096001	1098000
pp[37,10]	1098001	1100000
pp[37,11]	1100001	1102000
pp[37,12]	1102001	1104000
pp[37,13]	1104001	1106000
pp[37,14]	1106001	1108000
pp[37,15]	1108001	1110000
pp[38,1]	1110001	1112000
pp[38,2]	1112001	1114000
pp[38,3]	1114001	1116000
pp[38,4]	1116001	1118000
pp[38,5]	1118001	1120000
pp[38,6]	1120001	1122000
pp[38,7]	1122001	1124000
pp[38,8]	1124001	1126000
pp[38,9]	1126001	1128000
pp[38,10]	1128001	1130000
pp[38,11]	1130001	1132000
pp[38,12]	1132001	1134000
pp[38,13]	1134001	1136000
pp[38,14]	1136001	1138000
pp[38,15]	1138001	1140000
pp[39,1]	1140001	1142000
pp[39,2]	1142001	1144000
pp[39,3]	1144001	1146000
pp[39,4]	1146001	1148000
pp[39,5]	1148001	1150000
pp[39,6]	1150001	1152000
pp[39,7]	1152001	1154000
pp[39,8]	1154001	1156000
pp[39,9]	1156001	1158000
pp[39,10]	1158001	1160000
pp[39,11]	1160001	1162000
pp[39,12]	1162001	1164000
pp[39,13]	1164001	1166000
pp[39,14]	1166001	1168000
pp[39,15]	1168001	1170000
pp[40,1]	1170001	1172000
pp[40,2]	1172001	1174000
pp[40,3]	1174001	1176000
pp[40,4]	1176001	1178000
pp[40,5]	1178001	1180000
pp[40,6]	1180001	1182000
pp[40,7]	1182001	1184000
pp[40,8]	1184001	1186000
pp[40,9]	1186001	1188000
pp[40,10]	1188001	1190000
pp[40,11]	1190001	1192000
pp[40,12]	1192001	1194000
pp[40,13]	1194001	1196000
pp[40,14]	1196001	1198000
pp[40,15]	1198001	1200000
pp[41,1]	1200001	1202000
pp[41,2]	1202001	1204000
pp[41,3]	1204001	1206000
pp[41,4]	1206001	1208000
pp[41,5]	1208001	1210000
pp[41,6]	1210001	1212000
pp[41,7]	1212001	1214000
pp[41,8]	1214001	1216000
pp[41,9]	1216001	1218000
pp[41,10]	1218001	1220000
pp[41,11]	1220001	1222000
pp[41,12]	1222001	1224000
pp[41,13]	1224001	1226000
pp[41,14]	1226001	1228000
pp[41,15]	1228001	1230000
pp[42,1]	1230001	1232000
pp[42,2]	1232001	1234000
pp[42,3]	1234001	1236000
pp[42,4]	1236001	1238000
pp[42,5]	1238001	1240000
pp[42,6]	1240001	1242000
pp[42,7]	1242001	1244000
pp[42,8]	1244001	1246000
pp[42,9]	1246001	1248000
pp[42,10]	1248001	1250000
pp[42,11]	1250001	1252000
pp[42,12]	1252001	1254000
pp[42,13]	1254001	1256000
pp[42,14]	1256001	1258000
pp[42,15]	1258001	1260000
pp[43,1]	1260001	1262000
pp[43,2]	1262001	1264000
pp[43,3]	1264001	1266000
pp[43,4]	1266001	1268000
pp[43,5]	1268001	1270000
pp[43,6]	1270001	1272000
pp[43,7]	1272001	1274000
pp[43,8]	1274001	1276000
pp[43,9]	1276001	1278000
pp[43,10]	1278001	1280000
pp[43,11]	1280001	1282000
pp[43,12]	1282001	1284000
pp[43,13]	1284001	1286000
pp[43,14]	1286001	1288000
pp[43,15]	1288001	1290000
pp[44,1]	1290001	1292000
pp[44,2]	1292001	1294000
pp[44,3]	1294001	1296000
pp[44,4]	1296001	1298000
pp[44,5]	1298001	1300000
pp[44,6]	1300001	1302000
pp[44,7]	1302001	1304000
pp[44,8]	1304001	1306000
pp[44,9]	1306001	1308000
pp[44,10]	1308001	1310000
pp[44,11]	1310001	1312000
pp[44,12]	1312001	1314000
pp[44,13]	1314001	1316000
pp[44,14]	1316001	1318000
pp[44,15]	1318001	1320000
pp[45,1]	1320001	1322000
pp[45,2]	1322001	1324000
pp[45,3]	1324001	1326000
pp[45,4]	1326001	1328000
pp[45,5]	1328001	1330000
pp[45,6]	1330001	1332000
pp[45,7]	1332001	1334000
pp[45,8]	1334001	1336000
pp[45,9]	1336001	1338000
pp[45,10]	1338001	1340000
pp[45,11]	1340001	1342000
pp[45,12]	1342001	1344000
pp[45,13]	1344001	1346000
pp[45,14]	1346001	1348000
pp[45,15]	1348001	1350000
pp[46,1]	1350001	1352000
pp[46,2]	1352001	1354000
pp[46,3]	1354001	1356000
pp[46,4]	1356001	1358000
pp[46,5]	1358001	1360000
pp[46,6]	1360001	1362000
pp[46,7]	1362001	1364000
pp[46,8]	1364001	1366000
pp[46,9]	1366001	1368000
pp[46,10]	1368001	1370000
pp[46,11]	1370001	1372000
pp[46,12]	1372001	1374000
pp[46,13]	1374001	1376000
pp[46,14]	1376001	1378000
pp[46,15]	1378001	1380000
pp[47,1]	1380001	1382000
pp[47,2]	1382001	1384000
pp[47,3]	1384001	1386000
pp[47,4]	1386001	1388000
pp[47,5]	1388001	1390000
pp[47,6]	1390001	1392000
pp[47,7]	1392001	1394000
pp[47,8]	1394001	1396000
pp[47,9]	1396001	1398000
pp[47,10]	1398001	1400000
pp[47,11]	1400001	1402000
pp[47,12]	1402001	1404000
pp[47,13]	1404001	1406000
pp[47,14]	1406001	1408000
pp[47,15]	1408001	1410000
pp[48,1]	1410001	1412000
pp[48,2]	1412001	1414000
pp[48,3]	1414001	1416000
pp[48,4]	1416001	1418000
pp[48,5]	1418001	1420000
pp[48,6]	1420001	1422000
pp[48,7]	1422001	1424000
pp[48,8]	1424001	1426000
pp[48,9]	1426001	1428000
pp[48,10]	1428001	1430000
pp[48,11]	1430001	1432000
pp[48,12]	1432001	1434000
pp[48,13]	1434001	1436000
pp[48,14]	1436001	1438000
pp[48,15]	1438001	1440000
pp[49,1]	1440001	1442000
pp[49,2]	1442001	1444000
pp[49,3]	1444001	1446000
pp[49,4]	1446001	1448000
pp[49,5]	1448001	1450000
pp[49,6]	1450001	1452000
pp[49,7]	1452001	1454000
pp[49,8]	1454001	1456000
pp[49,9]	1456001	1458000
pp[49,10]	1458001	1460000
pp[49,11]	1460001	1462000
pp[49,12]	1462001	1464000
pp[49,13]	1464001	1466000
pp[49,14]	1466001	1468000
pp[49,15]	1468001	1470000
pp[50,1]	1470001	1472000
pp[50,2]	1472001	1474000
pp[50,3]	1474001	1476000
pp[50,4]	1476001	1478000
pp[50,5]	1478001	1480000
pp[50,6]	1480001	1482000
pp[50,7]	1482001	1484000
pp[50,8]	1484001	1486000
pp[50,9]	1486001	1488000
pp[50,10]	1488001	1490000
pp[50,11]	1490001	1492000
pp[50,12]	1492001	1494000
pp[50,13]	1494001	1496000
pp[50,14]	1496001	1498000
pp[50,15]	1498001	1500000
pp[51,1]	1500001	1502000
pp[51,2]	1502001	1504000
pp[51,3]	1504001	1506000
pp[51,4]	1506001	1508000
pp[51,5]	1508001	1510000
pp[51,6]	1510001	1512000
pp[51,7]	1512001	1514000
pp[51,8]	1514001	1516000
pp[51,9]	1516001	1518000
pp[51,10]	1518001	1520000
pp[51,11]	1520001	1522000
pp[51,12]	1522001	1524000
pp[51,13]	1524001	1526000
pp[51,14]	1526001	1528000
pp[51,15]	1528001	1530000
pp[52,1]	1530001	1532000
pp[52,2]	1532001	1534000
pp[52,3]	1534001	1536000
pp[52,4]	1536001	1538000
pp[52,5]	1538001	1540000
pp[52,6]	1540001	1542000
pp[52,7]	1542001	1544000
pp[52,8]	1544001	1546000
pp[52,9]	1546001	1548000
pp[52,10]	1548001	1550000
pp[52,11]	1550001	1552000
pp[52,12]	1552001	1554000
pp[52,13]	1554001	1556000
pp[52,14]	1556001	1558000
pp[52,15]	1558001	1560000
pp[53,1]	1560001	1562000
pp[53,2]	1562001	1564000
pp[53,3]	1564001	1566000
pp[53,4]	1566001	1568000
pp[53,5]	1568001	1570000
pp[53,6]	1570001	1572000
pp[53,7]	1572001	1574000
pp[53,8]	1574001	1576000
pp[53,9]	1576001	1578000
pp[53,10]	1578001	1580000
pp[53,11]	1580001	1582000
pp[53,12]	1582001	1584000
pp[53,13]	1584001	1586000
pp[53,14]	1586001	1588000
pp[53,15]	1588001	1590000
pp[54,1]	1590001	1592000
pp[54,2]	1592001	1594000
pp[54,3]	1594001	1596000
pp[54,4]	1596001	1598000
pp[54,5]	1598001	1600000
pp[54,6]	1600001	1602000
pp[54,7]	1602001	1604000
pp[54,8]	1604001	1606000
pp[54,9]	1606001	1608000
pp[54,10]	1608001	1610000
pp[54,11]	1610001	1612000
pp[54,12]	1612001	1614000
pp[54,13]	1614001	1616000
pp[54,14]	1616001	1618000
pp[54,15]	1618001	1620000
pp[55,1]	1620001	1622000
pp[55,2]	1622001	1624000
pp[55,3]	1624001	1626000
pp[55,4]	1626001	1628000
pp[55,5]	1628001	1630000
pp[55,6]	1630001	1632000
pp[55,7]	1632001	1634000
pp[55,8]	1634001	1636000
pp[55,9]	1636001	1638000
pp[55,10]	1638001	1640000
pp[55,11]	1640001	1642000
pp[55,12]	1642001	1644000
pp[55,13]	1644001	1646000
pp[55,14]	1646001	1648000
pp[55,15]	1648001	1650000
pp[56,1]	1650001	1652000
pp[56,2]	1652001	1654000
pp[56,3]	1654001	1656000
pp[56,4]	1656001	1658000
pp[56,5]	1658001	1660000
pp[56,6]	1660001	1662000
pp[56,7]	1662001	1664000
pp[56,8]	1664001	1666000
pp[56,9]	1666001	1668000
pp[56,10]	1668001	1670000
pp[56,11]	1670001	1672000
pp[56,12]	1672001	1674000
pp[56,13]	1674001	1676000
pp[56,14]	1676001	1678000
pp[56,15]	1678001	1680000
pp[57,1]	1680001	1682000
pp[57,2]	1682001	1684000
pp[57,3]	1684001	1686000
pp[57,4]	1686001	1688000
pp[57,5]	1688001	1690000
pp[57,6]	1690001	1692000
pp[57,7]	1692001	1694000
pp[57,8]	1694001	1696000
pp[57,9]	1696001	1698000
pp[57,10]	1698001	1700000
pp[57,11]	1700001	1702000
pp[57,12]	1702001	1704000
pp[57,13]	1704001	1706000
pp[57,14]	1706001	1708000
pp[57,15]	1708001	1710000
pp[58,1]	1710001	1712000
pp[58,2]	1712001	1714000
pp[58,3]	1714001	1716000
pp[58,4]	1716001	1718000
pp[58,5]	1718001	1720000
pp[58,6]	1720001	1722000
pp[58,7]	1722001	1724000
pp[58,8]	1724001	1726000
pp[58,9]	1726001	1728000
pp[58,10]	1728001	1730000
pp[58,11]	1730001	1732000
pp[58,12]	1732001	1734000
pp[58,13]	1734001	1736000
pp[58,14]	1736001	1738000
pp[58,15]	1738001	1740000
pp[59,1]	1740001	1742000
pp[59,2]	1742001	1744000
pp[59,3]	1744001	1746000
pp[59,4]	1746001	1748000
pp[59,5]	1748001	1750000
pp[59,6]	1750001	1752000
pp[59,7]	1752001	1754000
pp[59,8]	1754001	1756000
pp[59,9]	1756001	1758000
pp[59,10]	1758001	1760000
pp[59,11]	1760001	1762000
pp[59,12]	1762001	1764000
pp[59,13]	1764001	1766000
pp[59,14]	1766001	1768000
pp[59,15]	1768001	1770000
pp[60,1]	1770001	1772000
pp[60,2]	1772001	1774000
pp[60,3]	1774001	1776000
pp[60,4]	1776001	1778000
pp[60,5]	1778001	1780000
pp[60,6]	1780001	1782000
pp[60,7]	1782001	1784000
pp[60,8]	1784001	1786000
pp[60,9]	1786001	1788000
pp[60,10]	1788001	1790000
pp[60,11]	1790001	1792000
pp[60,12]	1792001	1794000
pp[60,13]	1794001	1796000
pp[60,14]	1796001	1798000
pp[60,15]	1798001	1800000
pp[61,1]	1800001	1802000
pp[61,2]	1802001	1804000
pp[61,3]	1804001	1806000
pp[61,4]	1806001	1808000
pp[61,5]	1808001	1810000
pp[61,6]	1810001	1812000
pp[61,7]	1812001	1814000
pp[61,8]	1814001	1816000
pp[61,9]	1816001	1818000
pp[61,10]	1818001	1820000
pp[61,11]	1820001	1822000
pp[61,12]	1822001	1824000
pp[61,13]	1824001	1826000
pp[61,14]	1826001	1828000
pp[61,15]	1828001	1830000
pp[62,1]	1830001	1832000
pp[62,2]	1832001	1834000
pp[62,3]	1834001	1836000
pp[62,4]	1836001	1838000
pp[62,5]	1838001	1840000
pp[62,6]	1840001	1842000
pp[62,7]	1842001	1844000
pp[62,8]	1844001	1846000
pp[62,9]	1846001	1848000
pp[62,10]	1848001	1850000
pp[62,11]	1850001	1852000
pp[62,12]	1852001	1854000
pp[62,13]	1854001	1856000
pp[62,14]	1856001	1858000
pp[62,15]	1858001	1860000
pp[63,1]	1860001	1862000
pp[63,2]	1862001	1864000
pp[63,3]	1864001	1866000
pp[63,4]	1866001	1868000
pp[63,5]	1868001	1870000
pp[63,6]	1870001	1872000
pp[63,7]	1872001	1874000
pp[63,8]	1874001	1876000
pp[63,9]	1876001	1878000
pp[63,10]	1878001	1880000
pp[63,11]	1880001	1882000
pp[63,12]	1882001	1884000
pp[63,13]	1884001	1886000
pp[63,14]	1886001	1888000
pp[63,15]	1888001	1890000
pp[64,1]	1890001	1892000
pp[64,2]	1892001	1894000
pp[64,3]	1894001	1896000
pp[64,4]	1896001	1898000
pp[64,5]	1898001	1900000
pp[64,6]	1900001	1902000
pp[64,7]	1902001	1904000
pp[64,8]	1904001	1906000
pp[64,9]	1906001	1908000
pp[64,10]	1908001	1910000
pp[64,11]	1910001	1912000
pp[64,12]	1912001	1914000
pp[64,13]	1914001	1916000
pp[64,14]	1916001	1918000
pp[64,15]	1918001	1920000
pp[65,1]	1920001	1922000
pp[65,2]	1922001	1924000
pp[65,3]	1924001	1926000
pp[65,4]	1926001	1928000
pp[65,5]	1928001	1930000
pp[65,6]	1930001	1932000
pp[65,7]	1932001	1934000
pp[65,8]	1934001	1936000
pp[65,9]	1936001	1938000
pp[65,10]	1938001	1940000
pp[65,11]	1940001	1942000
pp[65,12]	1942001	1944000
pp[65,13]	1944001	1946000
pp[65,14]	1946001	1948000
pp[65,15]	1948001	1950000
pp[66,1]	1950001	1952000
pp[66,2]	1952001	1954000
pp[66,3]	1954001	1956000
pp[66,4]	1956001	1958000
pp[66,5]	1958001	1960000
pp[66,6]	1960001	1962000
pp[66,7]	1962001	1964000
pp[66,8]	1964001	1966000
pp[66,9]	1966001	1968000
pp[66,10]	1968001	1970000
pp[66,11]	1970001	1972000
pp[66,12]	1972001	1974000
pp[66,13]	1974001	1976000
pp[66,14]	1976001	1978000
pp[66,15]	1978001	1980000
pp[67,1]	1980001	1982000
pp[67,2]	1982001	1984000
pp[67,3]	1984001	1986000
pp[67,4]	1986001	1988000
pp[67,5]	1988001	1990000
pp[67,6]	1990001	1992000
pp[67,7]	1992001	1994000
pp[67,8]	1994001	1996000
pp[67,9]	1996001	1998000
pp[67,10]	1998001	2000000
pp[67,11]	2000001	2002000
pp[67,12]	2002001	2004000
pp[67,13]	2004001	2006000
pp[67,14]	2006001	2008000
pp[67,15]	2008001	2010000
pp[68,1]	2010001	2012000
pp[68,2]	2012001	2014000
pp[68,3]	2014001	2016000
pp[68,4]	2016001	2018000
pp[68,5]	2018001	2020000
pp[68,6]	2020001	2022000
pp[68,7]	2022001	2024000
pp[68,8]	2024001	2026000
pp[68,9]	2026001	2028000
pp[68,10]	2028001	2030000
pp[68,11]	2030001	2032000
pp[68,12]	2032001	2034000
pp[68,13]	2034001	2036000
pp[68,14]	2036001	2038000
pp[68,15]	2038001	2040000
pp[69,1]	2040001	2042000
pp[69,2]	2042001	2044000
pp[69,3]	2044001	2046000
pp[69,4]	2046001	2048000
pp[69,5]	2048001	2050000
pp[69,6]	2050001	2052000
pp[69,7]	2052001	2054000
pp[69,8]	2054001	2056000
pp[69,9]	2056001	2058000
pp[69,10]	2058001	2060000
pp[69,11]	2060001	2062000
pp[69,12]	2062001	2064000
pp[69,13]	2064001	2066000
pp[69,14]	2066001	2068000
pp[69,15]	2068001	2070000
pp[70,1]	2070001	2072000
pp[70,2]	2072001	2074000
pp[70,3]	2074001	2076000
pp[70,4]	2076001	2078000
pp[70,5]	2078001	2080000
pp[70,6]	2080001	2082000
pp[70,7]	2082001	2084000
pp[70,8]	2084001	2086000
pp[70,9]	2086001	2088000
pp[70,10]	2088001	2090000
pp[70,11]	2090001	2092000
pp[70,12]	2092001	2094000
pp[70,13]	2094001	2096000
pp[70,14]	2096001	2098000
pp[70,15]	2098001	2100000
pp[71,1]	2100001	2102000
pp[71,2]	2102001	2104000
pp[71,3]	2104001	2106000
pp[71,4]	2106001	2108000
pp[71,5]	2108001	2110000
pp[71,6]	2110001	2112000
pp[71,7]	2112001	2114000
pp[71,8]	2114001	2116000
pp[71,9]	2116001	2118000
pp[71,10]	2118001	2120000
pp[71,11]	2120001	2122000
pp[71,12]	2122001	2124000
pp[71,13]	2124001	2126000
pp[71,14]	2126001	2128000
pp[71,15]	2128001	2130000
pp[72,1]	2130001	2132000
pp[72,2]	2132001	2134000
pp[72,3]	2134001	2136000
pp[72,4]	2136001	2138000
pp[72,5]	2138001	2140000
pp[72,6]	2140001	2142000
pp[72,7]	2142001	2144000
pp[72,8]	2144001	2146000
pp[72,9]	2146001	2148000
pp[72,10]	2148001	2150000
pp[72,11]	2150001	2152000
pp[72,12]	2152001	2154000
pp[72,13]	2154001	2156000
pp[72,14]	2156001	2158000
pp[72,15]	2158001	2160000
pp[73,1]	2160001	2162000
pp[73,2]	2162001	2164000
pp[73,3]	2164001	2166000
pp[73,4]	2166001	2168000
pp[73,5]	2168001	2170000
pp[73,6]	2170001	2172000
pp[73,7]	2172001	2174000
pp[73,8]	2174001	2176000
pp[73,9]	2176001	2178000
pp[73,10]	2178001	2180000
pp[73,11]	2180001	2182000
pp[73,12]	2182001	2184000
pp[73,13]	2184001	2186000
pp[73,14]	2186001	2188000
pp[73,15]	2188001	2190000
pp[74,1]	2190001	2192000
pp[74,2]	2192001	2194000
pp[74,3]	2194001	2196000
pp[74,4]	2196001	2198000
pp[74,5]	2198001	2200000
pp[74,6]	2200001	2202000
pp[74,7]	2202001	2204000
pp[74,8]	2204001	2206000
pp[74,9]	2206001	2208000
pp[74,10]	2208001	2210000
pp[74,11]	2210001	2212000
pp[74,12]	2212001	2214000
pp[74,13]	2214001	2216000
pp[74,14]	2216001	2218000
pp[74,15]	2218001	2220000
pp[75,1]	2220001	2222000
pp[75,2]	2222001	2224000
pp[75,3]	2224001	2226000
pp[75,4]	2226001	2228000
pp[75,5]	2228001	2230000
pp[75,6]	2230001	2232000
pp[75,7]	2232001	2234000
pp[75,8]	2234001	2236000
pp[75,9]	2236001	2238000
pp[75,10]	2238001	2240000
pp[75,11]	2240001	2242000
pp[75,12]	2242001	2244000
pp[75,13]	2244001	2246000
pp[75,14]	2246001	2248000
pp[75,15]	2248001	2250000
pp[76,1]	2250001	2252000
pp[76,2]	2252001	2254000
pp[76,3]	2254001	2256000
pp[76,4]	2256001	2258000
pp[76,5]	2258001	2260000
pp[76,6]	2260001	2262000
pp[76,7]	2262001	2264000
pp[76,8]	2264001	2266000
pp[76,9]	2266001	2268000
pp[76,10]	2268001	2270000
pp[76,11]	2270001	2272000
pp[76,12]	2272001	2274000
pp[76,13]	2274001	2276000
pp[76,14]	2276001	2278000
pp[76,15]	2278001	2280000
pp[77,1]	2280001	2282000
pp[77,2]	2282001	2284000
pp[77,3]	2284001	2286000
pp[77,4]	2286001	2288000
pp[77,5]	2288001	2290000
pp[77,6]	2290001	2292000
pp[77,7]	2292001	2294000
pp[77,8]	2294001	2296000
pp[77,9]	2296001	2298000
pp[77,10]	2298001	2300000
pp[77,11]	2300001	2302000
pp[77,12]	2302001	2304000
pp[77,13]	2304001	2306000
pp[77,14]	2306001	2308000
pp[77,15]	2308001	2310000
pp[78,1]	2310001	2312000
pp[78,2]	2312001	2314000
pp[78,3]	2314001	2316000
pp[78,4]	2316001	2318000
pp[78,5]	2318001	2320000
pp[78,6]	2320001	2322000
pp[78,7]	2322001	2324000
pp[78,8]	2324001	2326000
pp[78,9]	2326001	2328000
pp[78,10]	2328001	2330000
pp[78,11]	2330001	2332000
pp[78,12]	2332001	2334000
pp[78,13]	2334001	2336000
pp[78,14]	2336001	2338000
pp[78,15]	2338001	2340000
pp[79,1]	2340001	2342000
pp[79,2]	2342001	2344000
pp[79,3]	2344001	2346000
pp[79,4]	2346001	2348000
pp[79,5]	2348001	2350000
pp[79,6]	2350001	2352000
pp[79,7]	2352001	2354000
pp[79,8]	2354001	2356000
pp[79,9]	2356001	2358000
pp[79,10]	2358001	2360000
pp[79,11]	2360001	2362000
pp[79,12]	2362001	2364000
pp[79,13]	2364001	2366000
pp[79,14]	2366001	2368000
pp[79,15]	2368001	2370000
pp[80,1]	2370001	2372000
pp[80,2]	2372001	2374000
pp[80,3]	2374001	2376000
pp[80,4]	2376001	2378000
pp[80,5]	2378001	2380000
pp[80,6]	2380001	2382000
pp[80,7]	2382001	2384000
pp[80,8]	2384001	2386000
pp[80,9]	2386001	2388000
pp[80,10]	2388001	2390000
pp[80,11]	2390001	2392000
pp[80,12]	2392001	2394000
pp[80,13]	2394001	2396000
pp[80,14]	2396001	2398000
pp[80,15]	2398001	2400000
pp[81,1]	2400001	2402000
pp[81,2]	2402001	2404000
pp[81,3]	2404001	2406000
pp[81,4]	2406001	2408000
pp[81,5]	2408001	2410000
pp[81,6]	2410001	2412000
pp[81,7]	2412001	2414000
pp[81,8]	2414001	2416000
pp[81,9]	2416001	2418000
pp[81,10]	2418001	2420000
pp[81,11]	2420001	2422000
pp[81,12]	2422001	2424000
pp[81,13]	2424001	2426000
pp[81,14]	2426001	2428000
pp[81,15]	2428001	2430000
pp[82,1]	2430001	2432000
pp[82,2]	2432001	2434000
pp[82,3]	2434001	2436000
pp[82,4]	2436001	2438000
pp[82,5]	2438001	2440000
pp[82,6]	2440001	2442000
pp[82,7]	2442001	2444000
pp[82,8]	2444001	2446000
pp[82,9]	2446001	2448000
pp[82,10]	2448001	2450000
pp[82,11]	2450001	2452000
pp[82,12]	2452001	2454000
pp[82,13]	2454001	2456000
pp[82,14]	2456001	2458000
pp[82,15]	2458001	2460000
ppb	2460001	2462000
ppz[1,1]	2462001	2464000
ppz[1,2]	2464001	2466000
ppz[1,3]	2466001	2468000
ppz[1,4]	2468001	2470000
ppz[1,5]	2470001	2472000
ppz[1,6]	2472001	2474000
ppz[1,7]	2474001	2476000
ppz[1,8]	2476001	2478000
ppz[1,9]	2478001	2480000
ppz[1,10]	2480001	2482000
ppz[1,11]	2482001	2484000
ppz[1,12]	2484001	2486000
ppz[1,13]	2486001	2488000
ppz[1,14]	2488001	2490000
ppz[1,15]	2490001	2492000
ppz[2,1]	2492001	2494000
ppz[2,2]	2494001	2496000
ppz[2,3]	2496001	2498000
ppz[2,4]	2498001	2500000
ppz[2,5]	2500001	2502000
ppz[2,6]	2502001	2504000
ppz[2,7]	2504001	2506000
ppz[2,8]	2506001	2508000
ppz[2,9]	2508001	2510000
ppz[2,10]	2510001	2512000
ppz[2,11]	2512001	2514000
ppz[2,12]	2514001	2516000
ppz[2,13]	2516001	2518000
ppz[2,14]	2518001	2520000
ppz[2,15]	2520001	2522000
ppz[3,1]	2522001	2524000
ppz[3,2]	2524001	2526000
ppz[3,3]	2526001	2528000
ppz[3,4]	2528001	2530000
ppz[3,5]	2530001	2532000
ppz[3,6]	2532001	2534000
ppz[3,7]	2534001	2536000
ppz[3,8]	2536001	2538000
ppz[3,9]	2538001	2540000
ppz[3,10]	2540001	2542000
ppz[3,11]	2542001	2544000
ppz[3,12]	2544001	2546000
ppz[3,13]	2546001	2548000
ppz[3,14]	2548001	2550000
ppz[3,15]	2550001	2552000
ppz[4,1]	2552001	2554000
ppz[4,2]	2554001	2556000
ppz[4,3]	2556001	2558000
ppz[4,4]	2558001	2560000
ppz[4,5]	2560001	2562000
ppz[4,6]	2562001	2564000
ppz[4,7]	2564001	2566000
ppz[4,8]	2566001	2568000
ppz[4,9]	2568001	2570000
ppz[4,10]	2570001	2572000
ppz[4,11]	2572001	2574000
ppz[4,12]	2574001	2576000
ppz[4,13]	2576001	2578000
ppz[4,14]	2578001	2580000
ppz[4,15]	2580001	2582000
ppz[5,1]	2582001	2584000
ppz[5,2]	2584001	2586000
ppz[5,3]	2586001	2588000
ppz[5,4]	2588001	2590000
ppz[5,5]	2590001	2592000
ppz[5,6]	2592001	2594000
ppz[5,7]	2594001	2596000
ppz[5,8]	2596001	2598000
ppz[5,9]	2598001	2600000
ppz[5,10]	2600001	2602000
ppz[5,11]	2602001	2604000
ppz[5,12]	2604001	2606000
ppz[5,13]	2606001	2608000
ppz[5,14]	2608001	2610000
ppz[5,15]	2610001	2612000
ppz[6,1]	2612001	2614000
ppz[6,2]	2614001	2616000
ppz[6,3]	2616001	2618000
ppz[6,4]	2618001	2620000
ppz[6,5]	2620001	2622000
ppz[6,6]	2622001	2624000
ppz[6,7]	2624001	2626000
ppz[6,8]	2626001	2628000
ppz[6,9]	2628001	2630000
ppz[6,10]	2630001	2632000
ppz[6,11]	2632001	2634000
ppz[6,12]	2634001	2636000
ppz[6,13]	2636001	2638000
ppz[6,14]	2638001	2640000
ppz[6,15]	2640001	2642000
v	2642001	2644000
z[1]	2644001	2646000
z[2]	2646001	2648000
z[3]	2648001	2650000
z[4]	2650001	2652000
z[5]	2652001	2654000
z[6]	2654001	2656000
z[7]	2656001	2658000
z[8]	2658001	2660000
z[9]	2660001	2662000
z[10]	2662001	2664000
z[11]	2664001	2666000
z[12]	2666001	2668000
z[13]	2668001	2670000
z[14]	2670001	2672000
z[15]	2672001	2674000
z[16]	2674001	2676000
z[17]	2676001	2678000
z[18]	2678001	2680000
z[19]	2680001	2682000
z[20]	2682001	2684000
z[21]	2684001	2686000
z[22]	2686001	2688000
z[23]	2688001	2690000
z[24]	2690001	2692000
z[25]	2692001	2694000
z[26]	2694001	2696000
z[27]	2696001	2698000
z[28]	2698001	2700000
z[29]	2700001	2702000
z[30]	2702001	2704000
z[31]	2704001	2706000
z[32]	2706001	2708000
z[33]	2708001	2710000
z[34]	2710001	2712000
z[35]	2712001	2714000
z[36]	2714001	2716000
z[37]	2716001	2718000
z[38]	2718001	2720000
z[39]	2720001	2722000
z[40]	2722001	2724000
z[41]	2724001	2726000
z[42]	2726001	2728000
z[43]	2728001	2730000
z[44]	2730001	2732000
z[45]	2732001	2734000
z[46]	2734001	2736000
z[47]	2736001	2738000
z[48]	2738001	2740000
z[49]	2740001	2742000
z[50]	2742001	2744000
z[51]	2744001	2746000
z[52]	2746001	2748000
z[53]	2748001	2750000
z[54]	2750001	2752000
z[55]	2752001	2754000
z[56]	2754001	2756000
z[57]	2756001	2758000
z[58]	2758001	2760000
z[59]	2760001	2762000
z[60]	2762001	2764000
z[61]	2764001	2766000
z[62]	2766001	2768000
z[63]	2768001	2770000
z[64]	2770001	2772000
z[65]	2772001	2774000
z[66]	2774001	2776000
z[67]	2776001	2778000
z[68]	2778001	2780000
z[69]	2780001	2782000
z[70]	2782001	2784000
z[71]	2784001	2786000
z[72]	2786001	2788000
z[73]	2788001	2790000
z[74]	2790001	2792000
z[75]	2792001	2794000
z[76]	2794001	2796000
z[77]	2796001	2798000
z[78]	2798001	2800000
z[79]	2800001	2802000
z[80]	2802001	2804000
z[81]	2804001	2806000
z[82]	2806001	2808000
